862024179248580
862024179175685
862024179054763
862018111683094
862024179341092
862024179234424
862024178962695
862024179333508
862024179053238
862024179108504
862024178651719
862024178645884
862024179183246
862024179399553
862024179301592
862024179282984
862024179262284
862024170601238
862024179379618
862024179183135
879611122068249
862024178549404
862024177977524
862024179231228
879611121912527
862024179181160
862024179193021
862024179377870
862024178619843
862017158454757
862024143676316
862024179209810
862024179200887
847530814285258
862024179065738
862024178701436
862024179113025
862024178607952
862018148018985
862024179299182
862024179201143
862024174705316
862024179210013
862024176356208
862024179320928
862024178914249
862024175464726
862018316616647
862024169658338
862024179216574
862024179284436
862024179202134
862024178980489
862024184079790
862024178734081
862024179128789
862024178478167
862024179282424
862017197460772
862024179303872
862022095979156
862024179136952
862024179298497
862024179322678
862017168986687
862024179241538
862024172743371
862024179144732
862024179284820
862024176052310
862024179341216
862024179424280
862024169046051
862024179177940
862024179143058
862024179301144
862024179180027
862024175665359
862024179357044
862024178574935
862024178600223
862024179112781
862024179210537
862018128104414
862024179175089
862024179299070
862024179262317
862018326795016
862019546643439
862024179285248
862024179319482
862024179360433
862024179261272
862024179183959
862024179224764
862017184884460
862022293817431
862024178994574
862023958302257
862024179210029
862024173258807
862024175026883
862024179155416
862024179224596
862024179135811
862024179112988
862018080349150
862024179211699
862024179209954
862024179242753
862024179125687
862018177874419
862024179288472
862024179207385
862024179289080
862024179380286
862024179302909
862024179317210
862024179211321
862018176522710
862023248235682
862024179227076
862024173763504
862024179257834
862024179248004
862024179202107
862024179245172
862024179192604
862024170312970
862024179281138
862024179231156
862024177476746
862024179304110
862024175233159
862024179321912
862024169863374
862024170172250
862024179044273
862024179174318
862024179301748
862024179359520
862024179206138
862024174814310
862024179280961
862024179300812
862024179270804
862024179212691
862017174191885
862024179214316
862024178550956
879611121164402
862024179192824
862024179297838
862024155543173
862018169494256
862024179226086
862024168734876
862024179162975
862024178694952
862024179322709
862024179194900
879611107525047
862024179172641
862018106654548
862024143727086
862024179024151
862024179227787
862024170064940
862024174574103
862024179329472
862024179190968
862024172449238
862024179273436
862024178668211
862019858968713
862024179317682
862018164530899
862024178970329
862024179377810
862024179339094
862024179218945
862024179129981
862024168577038
862024178865022
862018158447093
862024179285330
862024179187123
862024179181663
862024179179457
862024179259654
862024179227588
862024179136289
862024179097450
862018162124396
879611122026479
862024179224152
862024179222474
862024175092385
862024179183047
862024176060241
862024179336841
862024179403832
862018078611903
862018160263097
862018091263176
862024179033172
862024179163343
862024179021314
862024178739855
847084029947379
862018179411302
862017558675022
862024178905287
879611121193279
862024179228943
862018078010324
862024179241589
862024179255515
862024179361288
862024179193764
862024179283892
862021289557583
862024143685382
862024178905549
862024179350112
862024179214093
862024171942473
862024179223271
862024179213427
862018125315675
862018086093633
862024179082152
862024143794615
862024176422007
862024173223325
862024178873022
862024179190756
862024179083207
862024179209541
862024179173084
862024143729088
862024179184083
862024179175104
862024179191656
862017173208295
862018222379446
862024179107412
862018131957749
862024179210749
862024179280780
862024178925639
862024168953155
862024179423056
862024179211457
862024179225079
862024179359856
862024178937895
862024179214912
862024178850488
862024179269204
862024179175316
862024179318542
862024179213884
862024179103975
862024179399897
862024179323164
862024179231980
862024179195773
862024178526503
862024179339732
862024178935392
862018086709081
862024179162343
862024179261132
862024179183595
862024179091305
862024179239154
862024179337914
862024179298385
862024178975657
862024179398705
862024175237061
862024179192432
862024178757379
862024179109112
862024179221654
862024172583958
862024179322629
862024143767695
862024179327636
862024179187654
862024179282228
862024179201715
862024143717499
862024179299590
862019554714770
862024179241313
862018087736759
862024179281017
862024179260741
862024178573668
862024179112256
862024179211165
862024179299510
862024179417248
862024179210270
862024179174324
862024179190905
862024147466458
862024179283554
862024178926147
862024169995950
862019487486539
862024179280185
862024179301914
862024179191492
862024178980723
862024175337818
862017186217749
862024178904387
879609311622373
862018128367879
862018161408179
862024178966038
862024179196074
862024179146149
862024179361270
862024179195393
862024179304898
862024179193416
862024172995995
862024179262828
862024143703116
862024179279646
862018626947498
862024179192072
862024179341050
862024179213380
862024179360366
862018077993738
862024179240174
862024179226783
862024178747772
862024179203343
862024179341508
862024179145987
862024179112340
862024177229040
862023501193733
862024179336777
862024179399529
862024179175530
862024179328168
862024174401697
862024179173724
862024179211885
862024179214172
862024179194292
862024179201699
862019509198003
862017192443311
862024179247144
862024178794172
862017172919214
862024179818507
862024171393355
862024179159471
862024179286600
862024179225760
862024178956801
862018551722946
862024179340812
862024175458278
862024176102198
862024179277349
862018551759816
862024179053710
862024179358140
862024168786851
862024179317190
862024179417020
862018160963023
862024179210181
862018171722220
862017183593824
862024179217233
862019754680285
862024179356465
862024179356576
862024173265965
862024169356571
862024176499120
862024179299424
862024179152042
862024179249079
862024179240382
862024179299369
862024179232800
862017169018396
862024183977996
862020407087072
862024179174860
862023334437888
862024179171788
862024178862923
862024179225788
862024179284144
862024179227036
862024179269232
862024179173390
862024179154556
862024179176381
879611122092800
862024179223860
862017184935015
862024179224547
862018329074974
862023511851384
862024179229404
862024179321544
862024179338969
862024179213592
862024178885000
879611122105801
862024179214500
862024179332472
862024179184871
862024179181727
862024179357404
862024179322928
862024179255884
862024179316513
862024179263516
862024179337557
862018161398734
862018131998137
862018131986247
862018131944727
862024179222073
862024178960583
879611107546326
862024179336609
862024179222765
862024179307268
862024178593235
862024179126939
862024179227536
862018077931263
862024179212912
862024179222695
862024179323312
879611107561264
862024178943355
862024179182799
862024179221510
862024179212460
862024179403608
862017596973947
862024179194860
862024179337810
862024179341228
862024178658806
862024178922666
862024179379968
862024169730208
862024178972629
862024143766243
862024179319282
862024170118160
862024179201499
862024179192360
862024179224661
862024179195504
862024179301041
862024179060378
862024179206122
862024179194742
862024179161439
862024178937928
862017176830192
862024179298533
862024179174413
862024179284005
862024179196988
862024179238050
862024179248236
862024179378437
862024179060464
862017181715062
862024179079232
862024179044825
862024179261524
862024179361472
862024177701345
862024179252892
862024179365688
862024179361968
862024179298321
862024179216047
862024170403256
862017173973435
879610785761429
862024179215172
862024170586097
862024179181903
862024178945602
862024179299864
862024179222318
862024179316666
862024179285538
862024179062399
862024179285780
862024179316522
862024179262372
862024179259509
862024179221954
862024179398716
862024170092053
862024179352136
862024179240062
862024179357797
879609742324695
862024179340793
862024178125411
862024179342120
862024178620515
862024178943686
862024179340113
862024179398398
862024179223489
862024179244788
862024167609859
862024179280134
862024179400581
862024179028339
862024179129693
862024179300900
862024179136144
862017169830704
862024178992744
862024179303705
862024179337497
862024179242181
862024179212448
862024178756652
862024179209386
862024179361174
862024179418528
862024179249880
862024179174110
862024178965967
879610928289124
862024179284184
862024179059734
862024179246775
862018368065049
862024179259809
862024175818571
862024179183671
862024179244584
862024179242798
862024179336385
862024179198943
862024179301336
862017327784921
862018302450979
862018193410711
862024179327300
862024179247191
862024179358112
862024170086307
862024179242872
862024179340176
862024179358100
862024179341448
862024179370120
862024179260125
862024179195761
862024143694502
879610659566303
862024174281640
862024179242434
862019428367352
862024179248696
862024179174893
862024179066618
862024179286972
862024179397410
862024179014252
862024179164015
862024179248256
862024178792006
862024179195934
862024179340180
862024160949851
862024178747860
862024179173588
862019893731608
862024179262848
862024179263478
862024179301120
862024179264157
862024179285077
862024171509464
862024179396630
862024179359676
862024169614326
862024179202123
862024180050356
862024179226612
862024179342336
862024179175568
862018113194923
862024179326176
862023863250943
862024179127025
862024179043356
862018368262145
862024179124884
862024179203139
862024179302870
862024179093448
862024179227183
862018106868509
862024179198763
862024179213140
862024179261002
862024179262916
862024143707890
862024179056278
862018089266632
862024179162183
862024179240958
862024176906606
862024179282546
862024178831069
879611122083383
862024179175300
862024179304676
862018110771312
862017166090135
862024179378824
862024179099252
862024179341056
862024179194261
862018171841602
862024179161481
862024179285524
862024179261732
862024179282104
862024179247514
862024179175185
862024178966990
862024179241550
862024178776340
862024179214127
862024179278633
862024179209206
862024179251572
862024179321984
862024174244635
862024179172335
862018078774101
862024179284188
862024169397551
862024179148669
862018725985620
862024178902615
862024179240985
862024179183531
862024179323532
862024171610992
862024179384900
862024179041823
862024179316826
862024179336553
862024175483586
862024179186108
862024179376474
862024178964555
862024179007714
862024179297936
862024179201151
879611111874461
862024179241690
862024179262152
862024178926043
862018142463741
862024179202143
862024179262508
862024177433838
862024179359824
862024179595825
862018084607587
862018144808165
862024179377284
862024179016317
862024179377440
862024179261468
862024179164395
862024175658308
862019610634270
862024178948876
862024179236268
862024179201999
862024179342677
862024179249268
862024180119259
862024179274232
862024178152388
862024179170060
862024179163177
862017541437607
862024179199079
862024179185928
862024179210119
862024179260173
862018113754744
862024179004218
862024179216816
862024179082072
879611122108869
862024178862003
862023028924292
862024179201311
862024178071483
862024179074547
862024179182987
862024179131933
862024179321828
862024179163699
862024179212615
862024179321152
862024179226297
862024179301434
862018143247307
862024179223420
862024143716998
862024179182607
862024179509630
862024179212503
862024179262360
862019428360044
862018086870156
862024179322424
862024178932758
862017589509315
879609312225467
862018145705154
862024143712586
862022104070883
862024179223557
862024179331596
862024179316650
862024179181447
862024179204477
862024179249856
862024178856079
862024179228544
862024179304148
862024178886143
862024178915314
862018176633622
862024179274916
862024179382285
862024179416396
862018162119269
862024179231796
862018163854067
862018078810217
862024144266016
862024179332192
862024179215520
862024179241873
862024143737106
862024179301532
862024179225752
862024179174828
862024178979929
862024178495702
862024179211889
862018140922978
862024179175345
862024179149583
862024178076528
862024179163819
862024179245864
862024169636360
862018164536961
862024179220835
862024179279306
862024179213368
862018140405858
862024179261129
862024178883687
862024179108683
862024179038364
862024179191764
862018306607388
862024179423372
862024179135271
862023607481999
862024144137328
862024176313812
862024179163660
862024179227887
862024179213551
862024179161343
862024179265800
862024160173300
862024178024975
862024179358648
862024178717632
862024167879575
862024178885474
862024179456510
862024179164927
862018131401489
862024179282740
862024178712749
862024179340594
862024179214561
862024179210615
862024179175020
862024179298057
862024175796936
862024179416498
862024179263080
862024178878934
862024179222430
862018161631415
862018078739567
862024179376465
862022601293911
862024178641284
862024179163539
862024179198991
862024178520951
862024179283804
862024179176337
862024179155648
862024175872011
862024179260241
862024179282604
862024179261612
862024178787415
862024179176048
862024179263384
862024179182663
862024179340992
862024179303818
862018077292677
862024179018191
862023982316967
862024179291700
862024171272063
862024143682624
862024179175673
862024179246671
862018162938255
862022005284352
862024179114815
862024178987249
862018161461482
862024179241706
862024179282544
862024179320168
862024179338684
862024177553921
862024177193552
862024179201459
862024179218347
862024179365852
862024179180164
862024179221658
862024179215756
862018153389824
862024151567220
862024179175165
862024179365748
862024179244164
862024179285356
862024179029188
862024180663232
862024178839617
862024179240894
862024179170048
862024179288880
862024179095333
862024179203215
862024179267091
862024179254400
862024176466787
862024179109648
862024179339864
862024179263648
862024179176073
862024179331916
862024178860943
862018308637338
862018162224539
862024179264492
862024143700818
862024179155405
862024179318358
862024187267793
862024179302816
862024179274600
862024178882811
862024179339568
862024179337426
862024179221226
862024179143445
862024178908413
862024179210414
862022946846286
862024179080773
862024179299168
862024179298110
862024179240629
862024179182131
862024179161630
862024179195070
862024179240577
862024179273612
862024178931454
862024177120574
862024176103225
862024179162335
862024179246288
862024179247343
862024179173108
862024179212368
862024179242813
862024175338523
862024179163639
862018081826094
862024179199487
862024178973067
862024179251867
862024179321340
862024178924322
862024179173704
862024179464836
847010476793010
862024179401056
862024169990683
862024178769699
862024179204267
862024179220952
862024143768149
862024178591187
862024179175745
862024170204532
862024179302177
862024179175230
862024179340476
862024179259949
862024179351996
862024179210310
862024173400841
862024179387376
862024179245168
862024179299780
879610963086607
862024168361644
862018372347480
862024179147737
862018193792103
862024179131924
862024179223132
879611120653543
862024179319085
862018131946709
862024178736760
862024179221098
862024179244473
862024179215664
862024175979542
862024179279105
862024179120468
862017181254211
862024179096178
862024179227272
862024179246608
862024167846830
862018086696023
862024179184402
862024179283657
862024179259341
862024179213303
862018163290757
862018304181526
862024179367964
862024179301936
862024179358560
862024179337237
862024179135672
862024179245576
862024179297402
862024179222534
862024179374604
862024175704684
862024179051492
862024179280678
862024179283812
862024179321272
862018162574050
862024178795697
879611122050129
862024179212903
862024178971241
862024179249284
862024179421684
862024179279861
862018162805752
862024179322172
862024179199063
862024179018960
862024179342152
862024179215896
862024179175722
862024175459612
862024179225360
862024179214300
862024179378398
862024178824343
862024179224676
862024178994345
862020586684320
862024179319568
862024179298840
862024178870151
862024179327948
862020473252123
862024179323324
862024179180931
862024179260246
862024179195913
862024179240425
862024179006803
862024179195526
862024178808098
862017166651410
862024178703201
862024179237629
862024179279930
862024179201063
862024179264736
862024173099511
862018080278833
862024179213387
862024168743972
862018137172287
862024179224860
862024179172736
862023715547988
862024179048127
862024179200715
862024179212155
862024179027771
862024179212070
862024179246056
862024178708462
862024144255270
862024179073827
862024179198795
862018078956018
862024179342568
862024178967273
862024179260916
862024176028919
862024179174488
879611121906253
862024170387741
862024179239697
862024179020148
862024179209233
862024179250423
862024179264952
862024178864106
862024178864971
862024175355966
862024178897971
862024172977614
862024179242421
862024179417708
862024179118744
862017169355941
862024169159629
862022525738284
862018298564627
862024179195100
862024179298921
862024179094642
862019572827149
862024179208256
862024178618739
862024179240642
862024179146123
879611121847821
862024179297366
862024073759368
862018139335305
862024178652674
879611107571441
862024179323472
862024179210621
862024179174886
862024179282980
862024178915528
862024176175788
862022005313804
862024179135372
862024178732910
862024179224817
862024179280826
862024179211409
862024179225032
862024179400996
862024179251275
862024179035114
862024179214063
862023513976870
862024179168167
862024170440194
862024179213591
862024179195185
862024178750670
862018161205207
862024169984679
862019549777342
862024170310909
862024179215191
862024170351172
862024179070400
862024178972939
862024179338982
862024179129155
879611121701631
862024179359744
862024179260462
862024178983319
862018117303671
862024179322088
862018113065312
862024179261860
862024179188658
862017584116450
862024179259329
862018161420300
862024179215911
862023380956885
862024179377548
862024179220722
879611120686034
862024179358578
862018393132358
862024179259582
862024179286044
862024179040600
879611109908778
862024179164331
862024179201547
862024179249864
862024179260013
862024179215632
862024179205991
862024179173680
862024178635889
862024179003828
862024179284492
862024179298684
862024179317286
862018162217584
862018164466796
862024179210579
862024179223642
862024179165435
862024171562482
862024179009347
862024179212357
862024179210269
862024179243733
862023927426757
862024179213020
862024179196034
862024179241485
862024179133775
862024179340628
862024144440410
862024179319298
862024175218415
862024179300936
862024178804942
862024179156577
862024179146379
862024179260745
862024168430245
862024179143539
862024179241241
862024175905208
862018178251259
862018079251587
862018151782933
862024179054009
862024179260405
862024179246516
862024179112090
862024179366588
862024178963286
862022266566843
862024179261620
862024179358828
862024179211515
862018444114559
862024179195181
862024178575020
862024179270444
862024179260609
862024179239606
862024179343082
862024179342136
862024179226728
862024179214824
862024179338792
862024179286676
862018103622782
862024179318826
862024179242653
862018127566758
862024179286560
862024178856635
862023419050534
862024178689206
862023485590632
862024179129089
879611107571545
862017196559640
862024178853261
862024179222674
862024179167061
862024179280985
862017140586703
862024179225745
862024179254415
862024179247304
862024179027060
862024179004354
862024179024748
862024175448192
862024179360112
862024178952737
862024169377953
862024179341592
862024179279873
862024179261876
879609310196845
862024179224888
862018134617629
862024178953775
862024179246593
862024178667945
879611108288618
862024179187754
862024179246648
862024179162743
862024179337281
862024179297056
862024179267903
862024178988847
862024179256471
862024179296216
862024179360025
862024179278873
862024144252991
862024179206167
862024179230496
862024179066814
862024179211879
862024179114656
862024178875874
862024178981042
862024178926151
862024179104964
862024175257436
862024178932615
862018192925596
862024179056222
862024179163931
862024179278773
862024178772882
847033812849141
862024179166429
862024168617494
862024179211307
862017151056732
862024179039541
862024179243365
862024169564032
862024179258047
862017192513349
862024179059985
862024178902941
862018407024325
862024179404600
862024179357532
862024178847284
862024170262801
862024179303064
862024179320044
862024179216378
862024179257422
862024178773316
862024179317277
862024178958178
862024179261744
862024179230180
862024179175153
862024179230644
862017151126164
862024179263192
862024173876467
862024179340716
862024179134264
862018086127660
862024179022247
862024179052787
862024168683534
879609312457605
862024179297321
862024179302096
862024179418520
862018161399519
862024179008455
862024179261740
862024179209878
862024179226980
862024179246647
862024178829403
862017182724229
862017578847320
862024178754486
862017576535617
862024179175290
862024179419028
862024179149401
862024179172360
862018077246742
862024179195097
862017166618426
862024179201471
862024179279237
862024179223459
862017176016608
862024179226157
862024179172940
862024179173392
862024179359068
862024179262281
862024175325431
862024176526693
862018377405405
862024179240645
862024179210074
862024178764904
862024179026423
862024179172596
862024179222510
862024179249104
862024179273964
862024178888721
862024179320840
862024179263060
862024178989601
862024179282308
862024179246696
862024179373232
862024179231060
862024172344824
862024178993526
862024179215920
862024178964696
862024179297846
862024179142437
862024179195306
862024179221630
862018082427087
862024179174250
862024179197694
862024179224884
862024179222177
862024178946027
862024179240613
862024179280078
862024179175245
862018088570058
862024179286680
862024179201679
862024178551932
862024179261874
862024179044002
862024179195453
862024169608951
862017169005027
879611122050196
862018131946764
862024179298146
862024179261313
862024177014719
862024179284952
862024179325240
862017599591318
862018162505922
862024179215253
862024179222505
862024178890553
862024179341360
862024156156880
862024179225720
862024178956599
862024179226860
862024179156060
862024179201331
862024179342962
862018137391754
862024179299660
862024179175518
862024179215735
862024170668903
862024178933769
862018087662355
862024179357233
862024179267183
862024170602585
862024179143855
862024178937460
862018161627490
862024179212379
862024179200935
862017172466169
862024176196774
862024179199951
862024178721259
862024179340462
862024179228268
862024179246157
862024179173642
862024179262956
862024179091514
862024178598267
862024179339646
862024179224568
862024179216070
862024179362877
862024178698104
862024179338321
862024179100548
862024179204487
862024179212997
862024176197071
862024179319636
862024179342420
862024179405640
862024178808673
862024169258287
862024178768131
862024179164935
862018171647322
862024179376997
862024179213332
862024179161803
862024179105717
862018163308683
862024178824935
862024179437725
862024179240457
862017182829170
862019601578521
862024178542155
879611002403557
862024179422900
862018078107698
862024179033720
849425124124495
862024178945547
862024179280433
862024179194817
862024179265132
862024179402960
862024179165391
862024175409449
862024179245996
862024179200387
862024179237585
862024179188528
862024179240462
862024179234155
862024179256235
862024179287036
862024179161416
862024179308428
862024179827005
862024179004803
862024176495999
862024179184471
862024179337402
862024183978400
862024179202819
862018080950351
862024178917890
862024179339416
862018163867809
862024179357529
862022859427079
862018161230101
862024179195882
862024179194196
862024179173932
862024178952483
862024179175118
862024179187793
862024175330559
862017193333939
862024179228580
862023494734055
862018304232849
862024178858436
862024179360188
862024144555142
862024179358972
862022570165896
862024179279513
862024169654368
862024179100971
862024179338560
862024178938590
862024179215240
862024179231724
862018085595557
862024179319628
862024179338514
862024179003099
862018077261614
862018312591535
862017193692738
862024179362742
862024179303088
862018161306173
862024176146353
862024179065250
862024179209833
862024175218135
862024179247840
862024179225837
862024178704004
862024179320544
862019764673046
862024179284884
862024179065489
862024179170311
862024179381736
862024179096367
862024179281609
862024178154979
862024179285264
879609369834365
862018162119940
862024178877586
862024179402904
862017173256760
862024179212508
862024179402476
862024179298681
862024178751790
862024179185554
862024179223994
862024179175764
862024179298916
862024179251231
862024178503787
862024179181555
862024179320694
862024176058545
862024179300696
862024179174772
862024179360937
862024179211400
862024179264588
862018163659219
862024179018464
862024179194260
862024179337734
862024179342552
862024179227744
862018110665564
862019754660423
862024179358704
862024179157109
862024178929073
862024179241578
862024178838063
862024179215124
862023922080161
862019663689283
862024143751137
862024179067236
862024179259986
862024179199439
862024179359176
862024179299509
862024143700736
862024179298608
862017621556281
862024179194485
862024179250739
862024179340224
862024179239674
862017180029276
862024179362976
862024178615949
862024179309516
862024179358164
862018147858007
862024179300852
862024178617695
862024179085392
862024179146660
862024179174330
862018085859343
862024169349584
862024179151715
862024169341052
862018089070712
862018127265618
862024179247784
879609308970786
862017169019833
862024179342696
862024179285102
862024178972162
862024179230499
862024179195780
862024179024992
862024179215524
862024179298890
862018161317998
862024179215208
862018137180247
862024179182599
862024179231259
862024179279109
862024178642132
862018131957059
862018195801837
862019427980667
862024179193216
862024179245460
862024179227028
862024179325940
862023714579775
862024179298757
862024179209963
862024179194201
862024179297912
862024178878882
862024179298917
862024179283352
862024178654755
862018179073078
862024168734898
862024179229892
879611121893404
862024179099616
862024170927041
862024179206761
862024179120768
862024179185405
847547025855598
862024179181076
862024179339321
862024179310292
862024179192244
862018095017798
879611107505544
862024172719324
862024179189329
862024179195288
862024179316946
862024179261768
862024179200639
862024179226308
862018127617829
862024144378391
862024179245040
862023837385035
862024179214635
862024179105451
862024179282002
862023246078690
879611107489898
862024178855310
862024179336765
879611107547473
862024179398276
862024179260341
862024178966527
862024179259822
862024179259617
862018164527851
862024179173488
862024178955339
862024178868451
862024179264676
862024179343385
862020437895276
862024179317569
862024179173036
862024179245132
862024179282314
879611121619704
862024178778126
862024179177435
862024179340321
862024178771254
862024179227284
862018095987735
862024179168531
862024179192864
862020540231479
862024178171092
862024179339966
862024179376520
862017151474617
862018131990981
862024177587933
862024179260981
862024176637868
862024179339150
879610982648042
862024179255640
862024179319070
862024178762646
862024178561727
862024179299622
879611107875692
862024179376561
862024178979296
862024179211087
862018111561049
862024179189880
862024179555989
862024170833055
862024179123833
862024179226947
862024178861443
862024178926844
862024179174406
862024179133429
862024178281996
862024179240982
862024174654176
862024179174049
862024179259608
862024168123872
862018078642843
862024178559431
862024179358104
862024179287008
862024178871944
862024179298670
862024179237603
862024179242217
862024179286084
862024179398793
862024177631698
862024179233440
862024179156004
862024179321860
862024179209902
862024143709660
862024179317674
862024179164919
862018177107256
862024179050483
862024169042525
862018134450969
862024178824679
862024179286916
862024186988065
862018161140818
862022858706573
862024179211819
862024179202629
862024179235247
862024178862559
879611111226867
862024179298645
862024179209229
862024179301573
862024179224687
862021538902496
862021536370394
862024179175025
862024179194166
862024179172844
862024176233176
862017153192575
862024179194501
862024179245892
862024179195954
862024179282250
862024179175293
862024169630707
862024179210409
862018098818709
862024179192664
862024179356634
862024179423936
862024179220005
862024179260710
862024179261689
862024179205098
862024179339361
862020601735869
862024179182491
862024179260162
862024179260873
862018162226437
862018359271992
862024179283444
862024179437030
862017185494205
862018108754636
862024179279121
862024179347208
862024179278770
862024143675868
862024179008475
862024179350592
862018086449461
862024179253760
862024179259869
862024179195165
862024179226061
862024179146155
862024179140199
862024179336962
862024179302268
862018161306794
862018131936923
862024179298224
862024179265972
862024179299318
862024179302584
862024176276102
862024179183051
862018142475874
862024179362676
862024179266447
862024179225776
862017529198215
862018162385125
862018142465335
862024178990539
862024178824482
862017160865828
862024179279673
862018081125427
862018164760917
862024179029696
862018078722765
862024178994876
862024179246020
862024179246204
862024179258872
862024179193456
862024178995311
862024179284736
862024179397966
862018078009145
862018084556599
862018178508269
879609310267204
862024179185843
862024179069160
862024179179894
862018077518856
879611107769196
862024179319686
862024179190116
862024179247288
862024179233868
862024179204327
862024179226759
862024179161631
862024179214146
862018132894874
862024179259006
862024179214938
862024143708832
862017164882204
862024178922200
879611107555646
862024179402428
862024179336665
862024179249056
862024179339437
862024179322101
862018164538592
862024179262224
862024179135015
862024179228924
862024179423972
862024179192489
862024176688822
862018303902193
862024178635561
862024179279954
862018117474332
862024179340756
862024143684847
862024179298492
862024179015549
879609309963706
862024179210126
862018161553495
862024179191256
862018086981319
862024178631315
862024177058203
862024178624986
862024176082845
862024179300352
862024179255988
862024179162243
862017189828091
862024179212170
862024179201375
862024179248108
862024179317501
862024179288588
862024179152876
862018149604064
862024179212649
862024179194142
862024179283900
862024179163315
862024178669742
862024179162475
862024179231859
862024179193912
862024178943354
862024179264288
862024179052003
862024179174225
862017183571223
862018143735262
862024178815287
862024179238146
862024179358928
862024179210053
862024179179843
862024179320624
862024179195120
862024175828990
862024178911565
862024179147293
862024144286575
862024168734895
862024179281588
862017173205329
862024179301528
862024179211363
862024179110573
862024178871547
862017173241753
862024179418048
862024179214744
862024179164719
862024179183519
862024179338086
862024178619152
862024178913182
862018084789072
862024179280190
862024178990170
862024179123668
862024143782050
862024179200611
862024179136104
862024178925251
862018078243878
862024178996249
862024179259370
862024178838843
862024170017920
862024176821370
862018094660727
862018080917697
862018127158661
879609311617431
862024179173040
862024179248180
862024179225726
862018160970236
862024175721652
862024167384940
862023669103995
862024179226877
862018334487795
862024179285152
862020566779519
862024179397838
862024179191008
862024179285332
862024179284072
862024179361888
862018303667317
862024176433212
862024178844410
862018381066164
862024179216367
862024178646308
862024178913266
862024179182495
862024179341966
862024179181863
862024147535398
862024171699432
862017192363670
862024179322572
862024179214600
862024179295568
862024179360897
862024179174616
862017178107283
862024179043379
879611107541847
862024179202699
862022678872316
862024179304996
862024172878057
879611109165407
862018139709618
862024179228171
862024179244240
862024179083265
862024179174136
879611122027334
862024169067601
862024179264968
862024179126872
862024179376892
862024179240834
862024179163247
862018170546318
862018306873631
862024179062496
862024179318616
862018088214303
862024179103563
862024179352880
862024179336790
862024179307728
862024179225336
862024179229716
862024179185604
862024178789694
862024179212948
862024178876457
862024143800777
862024179038052
862024179336409
862024179478413
862024178529236
862024179100866
862024179377909
862018729621367
862024179239989
862018096590093
862024179199667
862024179191252
879609310307363
862024143718492
862024179034292
862024179297273
862024179342088
862024179264880
862024179222937
862024179318956
862018162219313
862024179146842
862024143748388
862018161411307
862018162995991
862024179266534
862024169636266
862024179396456
862024179214548
862018141498642
862017166043379
862024179260677
862018171719065
862024179106193
862024179136234
862024179241134
862024175327675
862024179279758
862024179228324
862024179304860
862024179210423
862024179385792
862024143709594
862024143691856
862024179092210
862017544176525
862024179227040
862024179283180
862024178542923
862024179267800
862024179286256
862024179303516
862024179384852
862024179280101
862017176438812
879611107556230
862024179154325
862024179258989
862024179279650
862024169109706
862024179416613
862024179210549
862024178993456
862024179251771
862024179377646
862024179173496
862024179301396
862024179223233
862018177220065
862024179172206
862024179261258
862024179317358
862024179200984
862024178916159
862018131950506
862024179238393
862024140183231
862024179318101
862017168637319
862024179296826
862024169931199
862024179194249
862018077525006
862024143688531
862024179304266
862024143702846
862024179175482
862024178994550
879611122092743
862024179002112
862024179262228
862024179285256
862024179227003
862024169179234
862024179338198
862024179262732
862024179341460
862024175504569
862024179323160
862024178775040
862024179302021
862024179067984
862024179187851
862017197606073
862024178603772
862024179342712
862024179211067
862024179192690
862018108418663
862024179246165
862024179264292
862024179212831
862018096416628
862024143752586
862023654539565
862024179261302
862024179080286
862024179384800
862024179319828
862024178599519
862024179176308
847762324263532
862024179228758
862024179380248
862024179260292
862024179210266
862024179205819
862024179165151
862024179175038
862024179201979
862024179229444
862024179076362
862024179302652
862018139320534
862024173535524
862024179117107
862024179221025
862024179357704
862024179280638
862024169081821
862024179222274
862024143674891
862018131940254
862024179210670
862024197805981
862024179271108
862024179195004
879611108278900
862024179243952
862024178662090
862024143685422
862024179126238
862018148021987
862018086617820
862018162998310
862024178594455
862024178420213
862024179054514
862024179339084
862024179055326
862024179361069
862024179248924
862024178540267
862024179229928
879611122115737
862024179227912
862024179223649
862024179245592
862024178662552
862024179031433
862024178755134
862024178938407
862024179280106
862024179045077
862024179284560
862024179297149
862024179377138
862024179090758
862024179010079
862024179285284
862024179185967
862024179203651
862024177009416
862024179317813
862024171296539
862024143717768
862024179224292
862024179156139
862024179196097
862023129151261
862024177684177
862024178929118
862024179195598
862024179284852
862017165500503
862024179279361
862017184108105
862024179182744
862024179278686
862024144652294
862024178859375
862024179092169
862024179048299
862024169346035
862024179092669
862024179075860
862024179116036
862024170124557
862024179001919
862024179024267
862024179271504
862024179218183
862024179050423
862017173280494
862024178669949
862024178657787
862024179239950
862024179264306
862024143743701
862017194501680
862024179333580
862024178783502
862024179223402
862024179226636
862024179245000
862024179343452
862024178830081
862024179176165
862024179229103
862024179282001
862024179318246
862024179202561
862024133947628
862024179174986
862024179298262
862018164437430
862018150535199
862019427418746
862024143692020
862024179214900
862018131946362
862018131940575
862024179248524
862024179322472
862024179262784
862024179379790
862024179230984
862024167965619
862024179024911
862018163876642
862024179334196
862024179356776
862024179169884
862024178955375
862024179213426
862024140699252
862024179240822
862024179213684
862024179242949
847089239789422
862023052643081
862024179210203
862024179225923
862023963909354
862024179226254
862024179215515
862024178941051
862024179208230
862024179358492
862024179158003
862017166041996
862024179044576
862018079940767
862024176476798
862018151331166
862024179162831
862018086215911
862024179181679
862024179060017
862017169002216
862024179222426
862024179177492
862019720028070
862018630134354
862024179361322
862024178393097
862024179370464
862024179349588
862024178843183
862018086085592
862024179337458
862024179341589
862024179383052
862024179146800
862024143751537
862024179156328
862024179110520
862024179195457
862024179201355
862017185797156
862024179260662
862024179214676
862024175654079
862024178994364
862024177627237
862018163630175
862024179359324
862018111567408
862024179298085
862024179403748
862024179356496
862024179174637
862024179261588
862024179321944
862024179226812
862024178875767
862024179183071
862023052626135
862017198022562
862024179280913
862024179304054
862017165943074
862024178923883
862024179195764
862024179380060
862024179180255
862024179177885
862018162122273
862024179214960
862024170807688
862024178659428
862024179298212
862024179125329
862024179358022
862024179240370
862024126570924
862024179126586
862024179317110
862019482133848
862018171786177
862024179228751
862024179240482
862024179342236
862024179199863
862024179201167
862024179174332
862017166067467
862024168477419
879611122116618
862024179079628
862024179273256
862024178775457
862024179135866
862024179337769
862024179283280
862024179376924
862024179266010
862024179282661
862024175735012
862018163876040
862018077713480
862024175526826
862024179223669
862024179167453
862024177741246
862024179246443
862024179320453
862024179278450
862024179181595
862017176832701
862024179343508
862024179284980
862018302561226
862018326747178
862018171790157
862024179247440
862024179245812
862024179262808
862024179246728
862024179228006
862017587638055
862024179267065
862024177873990
862024179018863
862024178654626
862024178992338
862024179317662
862018157185908
862024169498479
862024179213915
862024179423644
862017173710335
862024179076567
862018086753734
862024179221334
862024176603837
862024179331988
862024179256734
862024170837625
862024179066729
862024179100490
862024179077507
862024179195414
862024174407559
862024178602023
862024179303905
862024179211610
862024179317953
862024143777657
862018164511869
862024178887890
862024179245121
862024179155125
862024175270137
862024168611342
862024179265748
862024179247176
862018160936740
862024183754538
862024178614803
862024178911517
862024179149032
862024179299060
862024178640176
862024178422412
862024179357357
862018162159963
862024143746624
862024179285589
862024179260302
862024179141687
862024179215056
862024179092829
862024179092466
862024179214107
862024179288460
862018155120077
862018308338644
862017173552106
862024179134803
862024179316882
862024175154238
862024179177495
862024179213609
862024183868874
862024179259806
862024179358028
862024178858343
862024179227763
862018132743748
862024179221754
862024179195762
862024179279621
862024179193584
862024179213689
862024179379581
862024179457082
862024168848004
862024178620428
862024177877905
862024179265296
862024179061386
862024178613927
862024179174594
862017166089359
862024171831232
862024179357916
862024179336825
862018105105906
862024179190660
862024179242673
862024179338105
862024179358352
862020435664346
862024179195600
862024179195501
862018161150974
862024179298166
862017170092834
862024179261138
862024179401964
862024179239793
862024179222816
862024178366377
862018134435570
862024179102639
862024179202103
862024179177541
862024179301728
862024179380865
862024179212783
879611121993729
862024179285044
862024179298093
862024178889803
862024179264049
862024179136128
862024179321748
862024179053374
862024179211977
862024179181883
862024179204331
862024179396449
862024143676104
862024179343884
862024171968676
862024179299724
862024179102857
862018085350988
862024179261288
862024143881221
862024179337993
862024179210517
862024179215908
862024170591293
862024178606376
862024178538963
862024179033256
862024179298106
862024179261225
862024179248276
862019871328223
862024179264760
862024172318516
862018163360770
862024179264665
862024179323660
862024179438266
862024179327424
862024178983103
862024179412480
862024179194276
862024179074383
862024179201503
862024143691920
862018162554599
862024179021388
862024179233795
862024179182127
862024179202499
862022471397413
862024178799407
862024179279265
862024179340400
862024179034692
862024179261017
862024179015659
862024179209870
862024179194798
862024143712732
862024179264572
862024178837201
862024179301898
862018111498428
879611121722111
862024179292644
862024179195509
862024179317601
862024179233063
862024179007883
862024179221974
862024179247188
862018091480073
862017600652391
862024179212404
862024174709552
862024179262985
862024179180327
862024179262752
862024179338558
862018129540047
862024178947642
862024179207128
862024179222462
862024179156104
862024179215596
862024179341552
862024179231739
879610936635579
862024179176133
862024179105567
862024178848000
862024179226192
862024172589560
862024179163291
862017172779082
862024179244576
862024177519198
862024179297757
862024179245344
862024177809932
862024179174449
862024179161607
862024179317937
862024179180711
862024179364680
862024179175992
862024179191192
862024179239421
862024168796564
862024179338506
862018079097976
862024179340108
862024179216995
862018094364297
862024178844173
862024179339334
862024179300034
862017390760969
862024179246492
862024179401328
862024170535400
862024173781135
862024179280021
862024179090988
862024179336781
862024178764295
862024179261282
862024179193440
862024179194088
862024179259774
862017634200355
862024179113939
879611122176262
879611107497088
862024179202763
862024179384740
862024179286976
862018136348420
862024179136999
862022409986990
862024169973191
862024178961487
862018171323587
862024179214543
862024179298090
862024175728782
862024179083203
862018161748287
862019558537102
862024179417180
862024179321304
862024179062807
862024179004737
862024179286048
862018078921907
862024179201551
862018154931826
862024179337305
862024143716874
862024178841139
862024179025139
862024143748264
862024179260645
862024179224984
862024179324420
862024179199355
862024179280789
862024179369228
862024168727591
862024179191636
862017328031304
862024179150660
null
862024179317389
862024179048757
862024178352972
862024178623756
862024179248068
879611121911823
862024179226784
862024168017108
862024179299072
862024178531552
862017170549332
862024179337105
862024171232145
862024179212840
862024179175488
862018164768070
862024179211679
862024179256211
862024179361528
862024179286884
862024168538026
862024179145634
862024179193756
862024179211206
862024178999164
862018161165956
862024179131021
862024176271533
862024178826446
862024179321814
862024179165187
862022991378710
862018207861242
862024179175028
862024179222482
862024179209540
862024179150165
862024179279550
862024179091814
862024144534708
862024179179404
862017183182845
862024179231584
862023997795923
862024179209257
862024143787493
862024179037804
862024179019762
862024179010811
862023560742564
862024179224460
862024178883031
862024179226100
862024179111752
862024179164247
862024179165635
862024179324036
879611122026039
862024179336570
862024179174992
862024179164091
862024179292932
862024178849473
862024179317982
862018161597685
862024179180219
862024179223146
862018154932600
862024177024120
862024178893403
862024179401900
862024179217018
862024179280470
879609309177364
879611107515388
862024179398098
862024179300724
862024179210694
862024179263636
862018094988757
862024179330188
862024179209445
862024174925584
862018207854239
862024179367496
862024179432752
862024179324377
862024179307204
862024179223247
862018139342578
862024179079040
862024179254608
862024178999176
862024179155868
862024179316406
862018139557530
862024179279833
862024179212540
862024179338888
862024199664965
862024179279254
862024179260832
862024179284556
862024179213488
862024176536924
879609309593688
862024179225680
862024178863311
862018114656856
862024179224645
862024179337753
862024179214196
879611107524848
862024179263272
862024179210278
862024179246048
862024179283733
862024179176192
862024179248624
862024179135135
862024179245396
862024178905859
862024179211786
862024179098567
862024179166059
862024179160571
862024179358456
862024179166430
862024179254104
862024179224912
862017597202534
862017218714842
862024178962715
879611121867137
862024178831480
862024179221500
862024179370596
862024178689214
862024179263436
862023359709460
879611122085578
862024179176278
862017173228547
862024179175918
862024179279065
862018105505082
862024178769502
862018093188739
862024179225200
862024179175562
862024178879331
862017173564902
862024178757719
862024178994123
862024178772837
862024179319780
862024179211049
862024179145583
862024179213313
862024175928352
862024179227972
862024179199327
862024179377029
862024179056333
862024179282185
862018087677605
879610627567285
862024179323108
862024179200895
862024179427452
862024179259009
862024172131248
862024179320024
862024179364768
879611107931353
862024179212959
862024178942147
862017172757019
879611107546598
862024179245500
862024179136328
862024143749872
862024178648911
862024179181075
862024168709753
862024179082012
862018190433576
862024179322558
862024179266364
862018193793811
862018164625191
862024179088140
862024180187489
862024179162591
862024179385376
862024179210229
862017183880940
862018147450784
862024179277829
879610779626282
862024179200227
862024173502903
862024179175218
862018131934411
862024179284928
862024179220666
862024179279570
862024179214496
862024179264009
862024179227636
862018026415878
862024171417878
862024179264720
862024179215560
862023503700673
862017169811784
879611107656660
879611107525444
862018162228156
862024179201835
862024178968584
862024179175466
862024179262824
862024179262184
862024179140775
862024179261286
862024179194736
862024179195237
862018724530927
862024178774030
862024179151172
862024179195713
862018149892640
862024179044659
862024179164415
862024179300152
862024179182355
862024179008423
862024179129355
862024179174882
862024179201511
862024179193264
862024179221220
862024179341160
862018112268725
862024179358134
862024179115088
862024178688593
862024175456531
862024179198936
862024168974613
862024178996630
862024179048590
862024179183059
879611107572910
862024178942863
862024179211089
862018126982895
862023756370299
862024179376837
862024178899951
862017153682300
862024175974731
862024178722233
862024179336958
862024179341336
862024179260725
862024179223741
862024179159329
862024179128144
862018444114459
862024178913983
862024179245676
862024178923625
862024179460545
862018161743737
862018176811252
862024179281678
862024179284660
862024179211675
862024179282700
862024179260514
862024179175862
862024179264272
862024179082149
862024179240210
862024179077878
862024179364837
862024179008051
862024179342824
862024179361673
862024179213148
862024179284056
862024179229091
862024178996019
862024179157610
862024179359372
862024179208602
862024179297597
862024179174728
862024169506450
862024179077640
862024179363348
862024178914334
862024179380504
862024179224524
862024178994049
862024179317649
879611107551231
862024179267273
862024179358072
862024179284244
862024179338492
862024171525588
862024179202833
862024179381664
862019542375532
862024179347748
862024179206040
862024178483832
862024179274212
862024173144034
862024179226105
862017531358386
862024179072114
862024179291468
862024179279970
862024179056224
862024179264121
862024169878282
862024174650059
862024175790651
862024173813387
862024179456706
862024178637207
862024179197621
862018156808189
862024178842311
862024179342561
862024179022823
862024179337777
862024179175250
862024179188744
862018148973416
862024179058026
879611107519374
862024179065575
862024179226668
862024179249380
862023369254711
862024179359537
862024179252240
862024179399984
862024179299081
862024177587086
862024179016247
862018136769388
862024179171377
862024179222670
862024179091515
862024179216076
862024179192008
862024179114038
862018128278151
862024179298286
862024169499824
862024179301604
862024179121588
862017165781364
862024179261352
862024174765908
862018162217688
862024179215701
862024179149328
862024179194108
862017171274675
862024179221797
862024179261870
862024179246584
862018081964793
862024179279977
862024179161855
862024179338972
862018163665049
862024179290104
862024179244561
862024143787325
862024179340780
862018087643791
862024179169097
862024179285925
862024179337877
862024179248380
862024178725507
862024143693452
862024179262005
862024179260213
862024179220531
862024179309136
862024179242177
862018128457803
862024179378950
862024179195721
862017173700633
862024179338934
862023867852425
862024177946795
862024179293964
862024179241270
862018081857709
862024177043557
862024178520691
862021493062374
862024180704540
862024179147732
862024179262592
862018161238769
862018142007597
862024179416913
862024179421380
862024178993435
862024178534752
862024179246716
862024179021591
862024179231585
862024179194449
862024178716906
862024179211995
862024178947492
862024178557226
862018186648947
862024179175100
862024179260933
862024179194484
862024179117111
862024179244608
862017253393189
862024179197901
862024179302520
862024179057956
862024179249568
862024179131848
862019476234786
862024179372682
862024179266252
862024179134527
862018163624894
862024179184351
862024178623182
862024179174970
862024179283445
862024179087738
862024179301414
862018086632443
862024179283722
862024179320760
862024179307800
862024179152482
862018088564575
862024178670290
862024179244094
862024179299188
862024179173986
862024179165327
862018164768623
862024179261668
862024179336622
862019565569109
862018098810711
862024179281670
862024179378049
862024179269840
862024179127457
862024174091138
862024179292740
862024175464176
862024179358686
862024179305592
862024179195801
862024179342900
862024179214199
862024179049418
879611121994175
862024179224672
862024179544193
862024179292292
862018117282479
862024179233428
862018085890184
862024179201211
862024179336713
862024179191064
862024179260038
862018111637292
862024179263624
879611122163045
862024179195369
862024179398226
862024179318106
862017180014597
862024179298218
862021852668180
862024179299929
862024179048613
862017173279264
862024179212272
862024179202283
862024179248076
862024179339692
862024179322016
862024179192760
879611122059450
862024179286356
862024179264696
862018131984935
862024178965771
862024179184439
862024179318825
862024179039551
862024179059500
862024178783278
862024179211431
862024179162635
862024143700372
862024179172552
862024179194504
862024179174500
862024179237558
862024179226816
862018136092855
862024179376554
862024179137748
862024174626817
862024179041171
862018114100776
862024179213504
862024178635557
862022343516172
862024176089821
862024179356693
862024179221765
862017521821306
862017166605812
862024179202815
862024179193564
862024179214276
862024179131720
862024179281333
862024179210066
862024179156687
862024179193808
862024178816294
862024179222233
862024179236264
862024179317122
862024178693646
862024179227772
862024179226904
862024179188312
862024179285572
862024179165159
862018087383046
862024179284465
862024175920649
862024179175597
862024179339061
862024179228899
862024179299093
862017379202411
862024173180438
862024179239933
862024179358721
862024176773903
862024179199624
862024179230287
862024179195478
862024179167600
879609310634980
862024179201591
862024179136425
862024179437374
862024179189644
862024179210513
862024179024028
862018080928653
862024179188633
862024179069974
862024179293228
862024179202840
862024179174625
862024179279690
862018157863501
862018164285405
862024179201120
862024179179976
862024179212807
862018163753824
862023785657387
862024173628896
862024178728002
862024179240974
862024179417366
862024179221262
862024178758275
862024176964819
862024144390889
862024179397046
862024179337057
862024178774108
862024178960267
862018457946887
862024178816310
862024179215383
862024178335983
862024178955883
862024179072351
862018078761038
862024175833864
862024179223254
862024178734892
862024173215396
862024148065561
862024179241246
862024178631906
862024179338949
862024179260181
862018161219054
879611121815790
862024169419015
862024179253291
879611107958569
862024172979527
862024179070384
862024179078710
862024179278421
862024179294552
862024179419332
862024174780044
862024179097721
862024179317409
862024179225974
862024179195730
862024179298094
862024176046246
862024179337757
862024179297461
862018127156779
862024179359584
862024179230679
862024179182155
862024150771744
862024171680950
862024179302866
862024155603715
862018161545873
862024179025233
862024179317373
862024179199943
862024179299393
862018161753764
862024179247384
847260063836676
862024168636878
862024171542993
862024178946963
862024179131068
862024179222025
862024179357856
862024178725054
862024179205339
862024179244282
862017191369245
862024179317306
862023828580545
862024178794771
862024178587636
862024179209202
862024179212973
862024179221829
862024179174604
862024179037720
862024143719882
862024178155970
862018079708607
862024179261264
862024168741374
862024179246416
862024179244025
862024094487092
862024178668771
862024179047028
862024178538035
862024179241922
862024169822443
862024179266198
862024179243810
862024179175180
862024179282900
862024179155542
862024179402588
862024179298837
862024179194452
862024179162423
862024179339564
862024179187707
862024179240582
862024178868839
862024179283276
862024179240802
862024179162263
862024169170686
862024179299158
862024179324280
862024173166930
862024171161429
862024179284888
862024179216080
862024167487683
862024179320324
862024175982435
862024179324234
862024179210951
862024179816392
862024179222637
862024179194689
862024179212521
862024179359228
862023634596563
862024179279330
862024179227196
862024179342760
862024179149671
862024179259906
862024179263696
862024178875233
862024143674287
862018306600478
862017327706394
862024179194981
862024179240965
862024179028607
862019555343082
862018131924360
862024179317578
862024179175110
862024073054217
862024179263176
862024178988274
862024179259342
862024179161437
862024179198811
862024178735830
862024179062224
862018078167474
862024179203827
862024179210192
862024179260061
862017157770772
862018161567052
862018087761505
862024179165231
862024178826957
862024179210237
862024179024224
862024179283928
862024179211579
862024179182135
862024179195192
862024179020776
862024179317009
862024179136036
862024178770822
862024179438302
862024178686473
862024179111941
862024179367500
862024178920899
862018131941054
862024178949213
862024175420725
862024179263357
862017191423582
862024179339717
862024179278309
862018085918913
862024179377486
862024179215256
862024179210981
862024179316978
862024179180731
862024179089755
862024178731055
862024179246384
879611107531135
862024178943055
862024178914256
862024179345016
862024179223305
862024179301924
862018162941530
862024179240785
862024179457149
862024178657633
862024179214456
862024171763781
862024179181967
862024179243084
862024179175439
862024179214683
862024179213672
862023082759528
862024179169978
862018131143516
862024178220288
862024179356772
862024179281321
862019427362139
862024179358816
862024179209850
862024178930961
862017173591538
862024179164535
862024179192537
862024179359644
862024179357544
862024178781229
862024178957666
862024179151945
862024179317889
862024179225140
862024179178468
862018149992998
862024179221997
862024179227959
862024179140823
862018147035538
862024177518140
862024179031879
862024179211446
862024179302068
862024179340640
862024179278817
862024175534704
862018081155259
862024178976870
862024179114356
862024179381496
862024179279822
862024179152683
862018077472083
862024179369596
862024179358032
862024179244224
862024179195418
862018177214148
862024143707726
862024176556175
862024179194498
862024179260773
862024179417638
862024179280958
862017188206872
862024179971999
862024178534984
862024179180523
862024179174561
862024179260833
862018086869882
862024178899059
862024179164107
862024179165161
862024025019357
862024179221914
862024179338101
862024178753588
862024179357980
862024179287744
862024179195065
862024179231052
862024179249688
862024179035117
862024179262553
862024179299125
862024179298177
862024179199247
862018162975922
862018081280869
862024179300373
862024179341850
862024179210021
862024179350232
862024178485743
862024179340668
862023260594494
862019491213698
862024179226336
862024179204787
862024178899386
862024179145365
862022676813777
862024179317366
862024179384296
862024179211210
862024179341040
862018079536981
862024179168729
862024179322288
862024179192988
862017283266637
862024179202783
862018158426317
862024179240986
862024179298117
862017173733719
862024179194226
862018140904577
862024179108016
862024178785631
862017168127115
862024179286168
862018161416206
879611107489910
862024179068535
862024173840821
862024179339488
862024179341372
862024179175186
862018077881572
862024179144795
862024179213667
862024169215695
862024168714257
862018162227864
862023938189309
862024179247019
862022317692899
862024178930246
862024179270096
862024178629839
862024179222625
862024179224295
862024179380756
862024179265161
862024179279757
862024179164207
862024179183111
862018085722574
862024179105453
862024179299654
862024179240893
862018158446557
862024179186639
862024172652538
862024179167497
862024179225020
862024179211151
862018161306061
862024178961142
862024179252120
862024179195173
862024179357892
862024179438765
862024178792907
862024179045774
862024168706911
862024179158966
862024178506760
862024179165450
879611121942812
862024179202879
862024175434438
862024178829507
862024179263600
862024179241605
862024174502467
862018157422564
862018162111625
862024179213856
862024179321608
862024179192632
862024179357128
862018078803835
862024179175073
847260331803766
862024179120968
862024179192708
862024179261601
862024170109898
862024179225156
862019842626204
862024179210526
862024179195022
862018162953822
862024179078619
862024176066921
862024143891600
862024179298465
862024179183267
862024179101212
862024179278432
862024179357305
862024170253090
862024178947290
862024179240597
862024179357628
862024179069508
862024179259985
862017173601635
862024178934581
862024179174914
862024179163063
862024179301940
862024170268999
862024179191832
862024179152028
862024179340314
862024179325244
862024178868493
862017182726862
862024179300186
862024178932693
862024179325316
862024179218330
862024175860170
862024179221223
862018078409846
862024179124103
862024178893785
862017171984202
862024178523687
862024179191484
862024178811596
862024179140555
862024179256780
862024179056254
862024179438037
862024179176010
862024179209885
862024179222788
862023289410425
862024178935190
862024179202078
862024176626915
862024179243957
862018161635360
862024178826824
862024179088901
862024178971021
862024167285641
862024179261432
862024179183935
862024179174613
862024179317810
862024178993747
862024179179179
862018297906575
862024179337440
862024179308032
879611107546346
862024179324424
862024179304344
862024179210543
862024179279021
862024169289990
862024179212006
862024179247297
862024178869950
862024179229907
879611107540421
862024173196191
862024179165803
862024179114578
862024179251483
862024178956541
862024179399346
862024179210605
862024179383708
862024178813513
862024179175220
862024179297526
862024179317125
862024178847253
862017166081470
862017185914919
862024168708555
862024179224599
862024179164939
862024179167578
862024179174856
862024179085374
862018162221731
862024178891711
862024173649711
862024179157477
862024179357069
862017171939112
862024179213716
862024179261032
862018313186208
862024179317598
862024179198687
862024179102687
862024179242210
862018131025217
862024179222282
862024179175777
862024179259401
862024179138678
862024179292532
862018153380733
862024178632273
862024018884833
862024179194482
879611107561320
862024179224388
862018131937849
862024179343820
862024178737152
862024178932086
862018098210491
862024171131345
862024179210077
862024178850241
862024179228027
862024179225972
862024179297634
862024179263368
862024179279445
862024179362728
862024179233772
862024176929034
862024178550132
862024179380166
862024179297641
862024179200955
862024179174706
862024178908309
862024179223693
862018081702009
862023472247845
862024179259821
862024179359706
862024179184775
862024179308800
862024179078364
862024179253063
862024176026981
862024143750832
862024178399789
862024179343497
862024179270356
862024179381110
862024179134206
862024178933713
862024179378865
862024179209210
862024178575816
862024179399056
862024179358460
862024179163575
862024179195487
862024179259618
862024179236212
862024179156138
862024179316910
862024178895837
862017600527122
862024179210575
862024178365935
862024179164295
862024171827998
862019558531979
862024179298285
862018125559832
862024179191661
862024179174564
879611107561368
862024179302036
862024179201066
862024179396861
862024179138319
862024179223523
862024179230492
879611107477112
862017188652293
862018132387343
862024179262620
862024179175544
862024179005357
862024179210685
862019510690526
862024179169955
862024179298185
862024179300232
862024172023619
862018158431159
862018162213853
862024176805911
862024179319254
862024153986655
862024179383792
862024179245900
862024178839783
862024179221142
862024175412604
862024175653712
862024179219446
862024143685782
862024179436912
862024179127535
862024179359696
862024179336861
862024179176234
862017604323989
862017171761446
862024179242165
862024178845645
862024179324608
862024179006994
862024179266152
862024179316846
862024179149687
862024179360636
862024179229723
862024169893755
862024179305892
862024143709428
862018372346616
862024179238732
862024179358910
862024179263772
862024179380629
862018304181812
862024179161987
862024179376590
862024179245350
862024143682940
862024179384484
862024179260186
862024179196259
862024178132052
862024178884622
862024143740072
862024179042140
862024179263372
862018161220340
862024179209865
862024179299266
862018131989901
862024179104867
862024176554254
862024179200663
862024179222978
862024179261578
862024179278994
862024178957285
862024179299398
862018081863906
862024179377197
862024179223950
862024179270648
862024179382069
862018131918998
862024179237665
862024178706371
862024179113743
862024178536939
862024179300198
862024178926120
862018080249546
862024179250684
862024179222454
862024177599610
862024179297472
862024179280138
862024175695054
862024175552228
862024179359470
862024179356980
862024178862921
862024179020111
862024143719840
862024178609272
862018143461453
862024179280386
862024179215110
862022565367890
862024179209413
862017190305842
862018163321247
862024178904063
862024179226984
862024179317893
862024179341416
862024179240614
862024176631150
879611122133365
862024179267134
862024179301552
879611107531747
862024179212775
862024178957180
862024178919171
862024179139129
862021133589674
862024179246540
862024179215848
862024179264398
862018088029977
862024179098855
862024179301864
862024179260722
862024178504224
862024178874927
862024179165819
862024167974202
862024179196122
862024179317497
862024179226176
862017166046015
862024179381245
862017155346793
862024178883078
862024179193553
862018158447161
862024178909583
862024179213131
862024176491736
862024179195310
862024143790921
862024179214988
862024179163671
862024179284230
862018391453825
862024179260806
862024179214304
862024179304349
862024179074332
862024176828474
862018163849144
862024178687713
862024179263237
862024179247080
862024178615318
862024176716804
862024179399466
862018163759109
862018087169218
862024143747280
862024179181995
862024179174764
862024178703557
862024179184435
862024179396948
862018192911600
862024179424896
879611107552275
862024179175150
862024179194707
862024179048655
862024176547402
862024179214223
862022434871058
862018164444997
862024175991570
862024174559197
862024179262520
862018303917203
862024178935978
862024041393804
862024179366112
862024179151778
879611108427050
862024177810068
862024179229304
862017379229783
862024179174162
862018087900608
862024179147064
862024179224834
862024179221425
862017449931445
862024168646542
862024179214859
862024179299492
862024179322337
862024179347568
862024179090356
879611109102946
862024179247116
862024179341069
862024179476450
862024179283800
862024179223104
862024179285184
862024179150818
862024179014134
862024179080714
862024179342732
862024178536443
862024169574835
879611107524660
862018162947143
862024179380190
862024179123567
862024179171716
862024179346476
862018171323291
862023711578995
862024179210923
862024179227575
862024179239693
862024179183687
862019483966337
862017142244122
862024179164335
862024179247011
862020068544886
862024179229588
862017177119231
862024179313332
862024179246623
862024178847053
862024178842846
862024179311892
862024179179308
862024179152826
862024169942099
862024179135744
862024179123412
862024178807730
862024179247311
862024179320722
862024179264010
862024179753420
862024179377001
862017173988011
862024179304621
862024179269596
862024179149109
862024179240702
862024176158702
862024178677805
862024179400444
862024178775913
862024172187363
862024179185387
862024171644735
862024179240749
862024179338808
862024179250036
862018439402694
862024169372633
862024179338593
862024178262414
862024172056507
862024179221094
862024179255543
862024179242350
862024178920949
862024179211483
862024179340192
862024179179041
862024179159503
862024178826575
862024179245352
862024179356989
862024178523983
862024179259533
862024179222893
862024179175157
862024179317418
862024179381208
862024178902535
862024179191668
862024179214066
862024178963724
862024179244074
862024179180687
862024179172956
862024179220205
862024178875842
862024179203315
862024178942472
862024179298802
862024179148440
862024170318510
862024143849693
862024178692869
862024179181047
862024179343992
862024179422968
862024179359334
862024143730828
862024179376906
862018088581486
862018133684597
862024179191644
862024179209930
862024177514693
862024179210031
862024179198939
862024179246588
862024179230040
862024179325904
862024179217394
862024179243621
862024179362324
862024179163959
862024179206721
862024179087880
862024179235100
862024179299781
862024179073147
862024167992091
862024179245832
862024179281916
862024179298749
862018487887687
862024179397806
862024179157237
862024179309488
862023747351879
862017141923557
862024179358736
862024179002221
862024179360920
862024175305545
862024179338162
879611112207335
862024179252219
862024179102384
862024143688339
862024179226928
862024179337826
862024179214588
862024177954580
862024179058956
862024179262964
862024179356396
862024179111055
862024143735620
862024179007587
862024179359848
862017178039038
862024179341132
862024179337438
862024179212198
862024179377636
862018085691169
862024179181419
862024179077873
862024179216667
862024179335172
862024179265925
862024143685526
862018161759092
862024179379078
862024178068722
862024177634150
862024179240706
862024179262992
862024176700225
862017619173296
862018139797246
862024179397677
862024178885759
862024179212052
862024179043152
862024179359540
862018077252667
862024179279034
862024178606984
862024130095587
862024179259877
879611122087413
862024179396772
862024179320077
862024179359220
862018329065830
862018086761056
862024179226436
862023701740978
862018162940909
862024143987990
862024179175728
862018086062701
862024179336662
862024179194822
862024179359008
862024179201543
862018082962290
862024179152716
862018139529289
862018140672396
879610787404893
862017379434063
862024178970812
862024179358304
862018308636155
862024179052212
862024178667239
862024179403152
862024179417888
862024179101240
862024179335208
862024179135652
862024179172888
862024143707766
862024179192661
862018087565116
862024179180015
862024179174393
862024179263260
862024143701048
862018226554272
862024178920559
862024179285058
862024179285228
862024179175325
862024179320770
862018163420045
862024179175936
862024179342002
862024179090479
862024178995546
862024178897575
862018161630686
862018081721470
862024169315683
862024178212526
862024180534452
862024179226752
862024179260182
862024178922528
862018086758565
862024078670180
862024179322980
862024179246451
862024178945979
862024178947266
862024179006691
862024179199872
862024179132271
862024179181323
862024179229160
862024168917034
862022568059633
862024179317318
862024179260757
862024179193644
862024179210816
862024179200891
862024179070160
862024179340384
862024179019955
862024179240745
862024179298072
862018161582194
879611122015795
862024179247100
845346469842946
862018081635450
862024178802911
862024179191852
862024179061096
862024179352916
862024179113549
862024179317945
862024168396939
862024176603842
862024179151921
862024179243801
862024178772893
862024179181688
862024178936699
862024179202975
862024179369188
862024179166540
862024179279761
862024179174608
862024179075269
862024179091454
862024179376894
862024179194060
862018173003092
862018077744105
862024179261888
862017141932466
862024179208539
862024179360872
862023588641917
862023654244015
862023826323982
862023653519720
862023652730371
862023917096124
879610928978992
879610946721940
862023771976223
862023732759387
862023817235079
862023707055520
862023653134610
862023583088897
862023625340953
862023650472880
862023549212728
862023563922588
862023711038854
862023778771106
862023650164020
862023747317204
862023778867690
879610878790586
879610970796452
862023549806137
862023508809244
862023653081485
862023442705887
862023622230916
862023639685207
862023653067901
862023653294358
862023188930397
862023705983711
862023710176289
862023668281764
862023778666657
862023709210693
879610924680125
862023658549103
862023779086869
862023751594490
862023550567378
879610808835928
879610924449590
862023778896930
862023648854450
862023606389522
862023616006379
879610822115036
879610887782312
879610941383256
862023693605408
862023482408607
862023701771217
879610829416606
862023606249789
862023545469882
862023653446438
879610924735304
862023537097641
862023675235573
862023602415068
862023610899174
879610833458696
862023601751272
862023604217380
862023752116775
862023669512208
862023582261512
862023706236946
862023627337924
862023693451126
862023582913697
862023669129050
862023653192670
862023670849519
879610880501506
879610927797124
862023633462382
862023708599045
862023708867829
862023705097006
862023605117300
862023623144643
862023533255439
862023762111758
862023595250148
879610767966496
862023604265444
862023705560705
862023605121053
862023653020900
862023751078725
862023653076211
862023651539690
879610814087947
862023784824115
879610924883181
879610924968850
862023654060774
862023917114722
862023677406534
862023537977729
862023667492333
862023607280467
879610878634155
862023727852732
862023449074945
862023653065808
862023607587835
879610809576225
862023776896862
862023637118267
862023622221562
862023778892523
879610831570647
862023604790083
862023637509821
862023607671649
862023595258010
862023640764922
862023562138863
862023653143208
862023656413640
862023543307578
862023917031444
862023706049264
879610929141612
862023728319934
862023512119034
862023738748027
862023594090311
879610950985716
862023704068007
862023746495493
862023620861777
862023604717982
862023708639181
862023748349340
862023653495308
862023660802900
862023720199324
862023779878736
862023650002882
862023635856213
862023609419688
862023686870354
862023581932187
862023594039324
862023653334428
862023585889259
862023652475195
879610841726195
862023483685530
862023778737336
862023188903626
862023777397925
862023820698317
862023749095318
862023653610089
862023601013413
862023612068407
862023776986951
862023652235106
862023604720756
862023854916379
862023627692788
862023484722269
879610930181611
862023704315061
862023585249618
862023685366224
862023653012564
862023640749296
862023751208134
862023656505001
862023753679579
862023669334329
862023751802294
879610831977662
862023620882842
862023578961983
862023604381141
862023595725684
862023726402372
862023714426798
862023652023048
862023500709963
862023733285326
862023484470250
862023615591887
862023603819857
862023100875524
862023716862701
862023596664225
862023609384900
879610882327418
862023694001756
862023651312974
862023659241490
862023649753472
862023694101290
862023586653663
862023651240811
862023751598987
862023537283297
862023660851675
862023747430065
862023641691638
862023547869548
879610847256284
862023657713336
862023729210137
862023621665416
862023917077222
862023706752050
862023778482896
862023810884977
862023779575416
862023595267953
862023779532920
879610928198572
862023479408177
862023852871678
879610810125515
879610837410828
862023729029469
862023777098897
862023651049480
862023604208540
879610833244710
862023735298360
862023917124330
862023629264942
862023644642950
862023618610163
862023656347288
862023583499973
879610974903181
862023693544738
862023653029386
862023654801766
862023672712967
862023611093205
862023654143434
862023654380770
862023599205033
862023708305781
862023762085813
879610930082217
879610881633416
862023499752415
862023702423316
862023706055936
862023528744517
862023649394575
862023686776991
862023656565637
879610965348232
862023600693583
862023751316969
862023653075002
862023624770175
862023690066211
862023538309419
862023655007558
862023650264787
862023554305393
862023739469364
862023627542089
862023653058947
862023557072505
862023651179208
862023704329251
862023507372453
862023762555247
862023637523594
862023762863609
862023642839040
879610935755869
862023601006137
862023637229182
862023796937808
862023586117480
862023551151939
879610807628333
862023601425664
862023779554608
862023581160992
862023594482740
862023788284442
862023581584426
862023718779617
862023618602191
862023686684021
879610929043535
862023723713552
862023586261417
862023713712128
862023705682428
862023776845222
862023751282741
862023627742858
862023704349232
862023788130169
862023637463159
862023554217913
862023620004587
879610834842518
862023917077234
862023709398486
862023582443121
862023651584971
862023658251405
862023670307858
862023549185468
862023605865902
862023592019325
862023652222471
879610808809167
862023718805614
862023649840321
862023642708523
862023747554409
862023704402393
879610838518511
862023706164710
879610924991922
862023707525179
862023652943245
862023708307641
862023537225442
862023884286833
862023627225938
862023595588931
862023805521374
862023592354979
862023604836080
862023547042587
879610928214893
862023717135573
862023778978325
862023548617905
862023777053097
862023748396245
862023658345697
862023710684580
862023700927321
862023617486368
862023717700651
862023667793483
879610813336568
862023649645280
862023752925891
862023579477900
862023604299705
862023718410631
862023653406067
862023653276762
862023884190412
862023650416045
879610918415033
862023769074485
862023630112413
862023884211437
862023826280012
879610938132798
862023624493305
862023582723929
862023580876425
862023610834099
862023605142711
862023669525496
879610929101185
862023652988606
862023607402480
862023655025446
862023722821100
862023670789522
862023606211935
879610807653748
862023653076350
879610924901035
862023656956670
862023653927176
862023655643598
862023528440471
862023615663011
862023718908857
862023917147998
879610958276677
879610925081332
862023654313660
862023547354710
862023706198588
862023622133993
862023511300742
862023826310923
862023602969960
862023554296071
862023703078415
862023653028936
862023751285174
879610838455551
879610886136083
862023651162285
862023708821305
862023551167894
862023602508794
862023635204575
862023180527364
862023752550405
862023659252509
879610924402571
862023621272736
862023917056122
862023605814251
862023636974652
862023693799097
862023883358713
862023609294054
862023713809511
862023605167194
862023747018627
862023585117532
862023582911634
862023813113912
862023630115321
862023750350037
862023655047545
862023650274682
862023545057831
862023693899257
862023630331095
862023657037111
862023726944490
862023705696704
862023917035811
862023693841894
862023752354066
862023654003076
862023707445497
862023667544378
862023622246642
862023605748568
862023647259854
862023609402864
879610955392303
862023609320967
862023639986539
862023441810080
862023546086015
862023579457725
862023759467464
862023653279680
862023541808346
862023657702787
862023653011691
862023667995416
862023762707762
879610882447264
862023751397262
862023603100707
862023695441054
862023716080396
862023717151601
862023654321919
862023670945690
879610929103833
862023604368512
862023656954507
862023654453623
862023656842278
862023666667143
862023585669102
879610764067912
862023619397351
862023764177248
862023696661316
862023706355495
862023546123474
862023715748762
862023652683227
862023778042218
862023827919961
862023582700437
862023630009888
862023786528076
862023503261158
862023510808757
862023884653464
862023719477070
862023735298526
879610965752647
862023632723273
862023100895673
862023710076700
862023657119529
862023730698139
862023254240304
862023777361759
862023604936102
862023507119992
862023700731823
862023448765402
862023654941921
862023656247824
862023722482973
862023778790860
879610823930608
879610938145376
862023824350296
862023693519230
862023656455569
862023602443415
862023407486504
862023551109116
862023660737367
862023638137335
862023573318069
862023702043514
862023504441807
862023653146929
862023634003073
862023542575879
862023672731510
862023581623839
862023665143217
862023656485180
862023667376605
862023693735869
862023743104239
862023594459647
862023477899478
862023654630220
862023701180732
862023777091841
862023708415582
862023595203665
862023625377311
862023655215032
862023672306842
862023883294890
862023627329520
879610966453052
862023654858124
879610965600957
862023583899604
862023658312485
862023636854377
862023653154058
862023666703208
862023657731567
862023595618774
862023751141559
862023537254944
879610794846384
862023707354240
862023582215034
862023550550924
862023699241206
862023656259333
879610941597867
862023706230754
862023735718210
862023654409155
862023693388029
862023649157848
862023652830388
862023743088096
862023827950087
879610928894562
862023721864266
862023656400804
862023709971588
862023680591144
862023675809636
862023686492879
862023669118563
862023654529943
879610939840785
862023652157153
862023595077985
862023624631868
862023615611637
862023618926641
862023652842068
862023708631364
879610938182351
862023606933678
862023721831854
862023607259353
862023660698563
862023538323679
862023778882381
862023554467567
862023777096185
862023726938200
879610938084919
862023653301974
879610870403964
862023635519680
862023611314713
862023650003226
862023655178992
862023501027503
862023752225540
862023606836734
862023658242556
862023505951130
862023653079789
862023656846636
879610812040418
862023704263566
862023588037577
862023618911377
879610931356686
862023633134157
862023627389623
862023750547435
879610938085654
862023549655242
862023595283670
862023605628626
862023654259843
862023726998698
879610966356487
862023619110984
862023735097106
862023666694099
862023653626971
862023721948240
862023651419672
862023652014737
862023762591213
862023556398139
862023884661884
862023603844436
862023562789703
862023656463289
879610932299621
862023548589521
879610804969784
862023652979553
862023583272139
862023577639985
862023659288270
862023551223900
862023670519343
862023610533376
862023714659712
862023747377908
862023764931608
862023479816164
862023492265121
862023546947381
862023539462415
862023713700003
862023550878824
862023603870000
862023654016687
862023655767577
862023729467687
862023751881872
862023715004862
862023657235386
862023546894129
862023701798998
862023653381244
862023654096872
862023658307750
862023627429376
862023655149241
879610955839304
862023714450428
862023781078095
862023661266426
862023595389578
862023638246068
879610875340501
862023609962102
862023652561429
862023650281711
862023739294137
879610966366190
879610924880305
862023747986291
879610966117230
862023627495750
862023692886242
862023652121877
862023637172119
862023653386185
862023609307184
862023627316530
862023635398913
862023528081484
862023652217559
862023653600159
862023652685423
862023582478090
862023671656418
862023700839072
862023655029302
862023771803256
879610938414247
879610930212857
862023600855646
879610975817076
862023678636853
862023604353344
879610841112675
862023653043417
862023707780891
862023822275352
862023492270766
862023745866045
879610835800990
862023604517861
862023751387108
862023738925145
862023667076200
862023628982464
862023609774837
862023635739174
862023652943619
862023604999755
862023653588641
862023660706411
862023188889363
862023551104668
862023636951011
879610929092145
862023746528008
862023654901965
862023666672211
862023640302872
862023650194026
879610964490647
879610869981197
862023701723143
862023710246218
862023659319684
879610879759799
862023811936259
862023592521258
862023595729369
862023582338166
862023730049784
862023620778914
862023779987910
862023541478189
862023705669404
862023653148891
879610930614516
862023654205658
862023747461539
862023586580432
862023745705837
862023573303292
862022583143576
862023651130026
862023640446572
862023707904674
862023666737504
862023639686452
862023657511901
862023701487834
862023649750247
879610930304417
879610809345946
862023582238998
862023652978570
862023619919130
862023724361966
862023652194871
862023489480722
862023671010180
862023639830529
862023636916695
862023552743149
862023708670987
862023772045236
862023616159573
879610839911775
862023579523700
862023655876862
862023767467329
862023651332102
862023623574257
862023537766270
862023579470945
862023884670400
879610935586144
862023659377600
862023663950486
862023649706835
862023703101718
862023654155913
879610929063774
862023654914090
862023592691328
862023551757700
862023654505745
862023180954620
862023587706131
879610938163563
862023719454313
862023536095887
862023637077454
862023528695988
862023653259435
862023588499321
862023704772006
862023482662868
862023607108052
862023657274109
862023917141014
879610967323462
879610927213659
862023675227631
862023705643796
879610938098748
862023778194390
862023751257183
862023686999486
862023528457921
862023636867085
862023917014400
862023652053323
862023651450111
862023667099920
862023809683134
862023740857953
862023653630638
862023650038849
862023650306860
862023769062485
862023652879659
862023704311210
879610881938965
862023551211762
862023630517153
879610927005184
862023777154202
862023541107167
879610777263956
862023719483571
862023515362286
879610938057995
862023669363715
862023796929180
862023884211246
862023778249871
862023667802798
862023585171413
862023568804519
862023656985738
862023656169727
862023658284948
862023721959519
879610838612225
862023686751464
862023654381213
862023747401318
862023651146866
862023625692274
879610924443581
862023778871320
862023651284632
862023611368933
862023603737859
862023753111542
862023595253459
862023595258705
862023653219607
879610928269266
862023671022853
862023776713289
862023594120897
862023600974776
862023541838990
879610944947974
862023670313627
862023652849115
862023702218278
879610964349539
862023747325190
862023708974521
862023582208284
862023655627203
862023851491670
879610809781393
862023772114009
862023656964011
862023653969854
862023587949946
862023652294647
862023625033353
862023604965357
862023653072184
879610914478890
862023686742676
862023507580177
862023751338375
862023629242655
862023582362067
862023605193908
862023742469744
862023694427117
862023625339481
862023917047887
862023719867365
862023884425250
862023609328275
862023781902985
862023609006062
862023650749399
862023621434234
862023670523475
862023438395792
862023611355770
862023748217905
862023604351555
862023537352320
862023708494796
862023617521365
862023708756919
879610804892874
862023672874132
862023600993589
862023296116766
862023761067133
862023652999448
862023690785273
862023659485484
862023743156770
862023656772052
862023619739313
862023632848556
862023595182630
879610852898093
862023653078382
879610943715528
862023778604396
879610929047124
879610823880341
862023652979004
862023747376540
879610763165331
862023585634311
862023762527185
862023625329022
862023537837379
862023658555997
862023729535325
862023756313894
862023568737803
862023661340269
862023656744934
862023676555434
862023550972921
879610808799974
862023655979054
862023655056784
862023541725787
862023619082601
879610970803528
879610927044149
862023649413513
862023750229514
862023772359853
862023583824462
862023537235906
862023437193261
862023721052413
862024172719324
862023591564229
862023537683826
862023552188743
862023659374893
862023605293984
862023618844690
862023556232127
862023706845653
862023652960323
862023629197666
862023714683994
862023638083619
879610896790246
862023611815536
862023745836952
862023719522955
862023764519654
862023180972196
862023668310828
862023710097041
862023654781190
862023659496471
862023651551822
862023762114043
862023601029309
879610811732094
862023561760682
862023653380197
862023658279138
862023667119461
862023717363166
862023717176981
862023718713875
862023741149605
879610833731281
862023653039959
862023652523975
862023586081336
879610823246826
862023766538122
862023654445368
879610937860781
862023763682444
862023746730334
862023706492198
862023693736182
862023667758229
862023542211701
862023750414313
879610931390400
862023652678994